=====================alu=====================
0.019432544708251953
0.019432544708251953
0.019432544708251953
0.019432544708251953
0.019432544708251953
=====================omp=====================
3.225257396697998
3.225257396697998
3.225257396697998
3.225257396697998
3.225257396697998
=====================alu=====================
0.01762012072971889
0.017395734786987305
0.018039894104003907
0.018253540992736815
0.018424458503723144
=====================omp=====================
7.2161102294921875
6.483843803405762
10.61381425857544
11.499965620040891
12.208886709213255
=====================alu=====================
0.016732176144917805
0.01682901382446289
0.017317652702331543
0.017405760288238526
0.017484333515167236
=====================omp=====================
11.113383968671164
11.117938995361328
18.529131627082826
18.840881741046907
18.853801424503327
